salon_up
00 0010 0000101110001010000000010001 11001010111100100011000010000111

salon_up_1
00 0010 0000101110001010000000010001 11001000101110101011011101100110

salon_up_2
00 0010 0000101110001010000000010001 00110011111010101010111001101000

salon_up_3
00 0010 0000101110001010000000010001 10111100110110100001011101110111

salon_up_4
00 0010 0000101110001010000000010001 01000010110100101101010011001111

salon_up_5
00 0010 0000101110001010000000010001 01000011010110000111001100110110

salon_up_6
00 0010 0000101110001010000000010001 01100110110000110011010111111001

salon_up_7
00 0010 0000101110001010000000010001 01010111000100010011011000100001

salon_up_8
00 0010 0000101110001010000000010001 00010010100011001001111010010000

salon_stop_9
00 0100 0000101110001010000000010001 01000110010001001011001101100001

salon_down_10
00 1000 0000101110001010000000010001 01000001001000000100011110001101
